23.050000000000000710542735760100185871124267578125
39.44035000000000223963070311583578586578369140625
50.1291282250000023168468032963573932647705078125
60.2778506312125017529979231767356395721435546875
64.150760194669288694058195687830448150634765625
79.494234831350837566787959076464176177978515625
80.693822093716818244502064771950244903564453125
86.7463088673365945169280166737735271453857421875
87.0445169178215252259178669191896915435791015625
89.73277965737355543751618824899196624755859375
91.8426934377832964173649088479578495025634765625
95.301391420163184875491424463689327239990234375
96.306893656248263368979678489267826080322265625
97.684422322467668209355906583368778228759765625
98.5041368203141161075109266676008701324462890625
99.0007633959698267744897748343646526336669921875
99.11167865901717277665738947689533233642578125
99.330205708898944294560351409018039703369140625
99.5418607048868722131373942829668521881103515625
99.55904092845361219588085077702999114990234375
99.65186281301413373512332327663898468017578125
99.7665740161259719798181322403252124786376953125
99.8711488569015415350804687477648258209228515625
99.875787498053085755600477568805217742919921875
99.9359684552463676254774327389895915985107421875
99.950087410864540515831322409212589263916015625
99.953506423220318310995935462415218353271484375
99.9552964259263347912565222941339015960693359375
99.968685146361394799896515905857086181640625
99.970391805884702307594125159084796905517578125
99.9790966149545994312575203366577625274658203125
99.9882418459119577391902566887438297271728515625
99.990364192724854319749283604323863983154296875
99.99515318894060555976466275751590728759765625
99.996619349286078204386285506188869476318359375
99.997087569409956131494254805147647857666015625
99.9980428466434858592037926428020000457763671875
99.999019466168391545579652301967144012451171875
99.9990199564353048344855778850615024566650390625
99.999381592510673044671420939266681671142578125
99.999529701104364676211844198405742645263671875
99.999577906741166088977479375898838043212890625
99.999625814326037698265281505882740020751953125
99.999715805980628147153765894472599029541015625
99.9997581508895194701835862360894680023193359375
99.99986541097001691014156676828861236572265625
99.99989179041989473262219689786434173583984375
99.9998946579737690854017273522913455963134765625
99.9999401130580878316322923637926578521728515625
99.9999582887449633972209994681179523468017578125
99.9999681534567770313515211455523967742919921875
99.9999744113025172964626108296215534210205078125
99.999982638068757978544454090297222137451171875
99.999985051377194622546085156500339508056640625
99.9999860753578531102903070859611034393310546875
99.999988449509345400656457059085369110107421875
99.9999902051839200112226535566151142120361328125
99.9999925167605141496096621267497539520263671875
99.99999254669347692470182664692401885986328125
99.9999962211735891060016001574695110321044921875
99.9999975626569579389979480765759944915771484375
99.999998592434394595329649746417999267578125
99.9999987381174406664285925216972827911376953125
99.9999988258182810341168078593909740447998046875
99.99999915928589189206832088530063629150390625
99.9999994493322645894295419566333293914794921875
99.9999995828691936594623257406055927276611328125
99.999999593714591128446045331656932830810546875
99.9999997188505034273475757800042629241943359375
99.999999856192033576007816009223461151123046875
99.999999914434255288142594508826732635498046875
99.9999999198676761125170742161571979522705078125
99.999999931927590068880817852914333343505859375
99.99999993975592360584414564073085784912109375
99.999999969215281225842772983014583587646484375
99.99999997520291117325541563332080841064453125
99.9999999755500681430930853821337223052978515625
99.999999979999955712628434412181377410888671875
99.9999999836299622302249190397560596466064453125
99.9999999885573487290457705967128276824951171875
99.999999990920258596815983764827251434326171875
99.9999999936441810177711886353790760040283203125
99.999999994721491702875937335193157196044921875
99.9999999963367116606605122797191143035888671875
99.9999999973477855519377044402062892913818359375
99.9999999983171647954804939217865467071533203125
99.9999999984753458193154074251651763916015625
99.999999999082916701809153892099857330322265625
99.999999999090249502842198126018047332763671875
99.99999999938046357783605344593524932861328125
99.9999999996360173781795310787856578826904296875
99.999999999733375943833380006253719329833984375
99.9999999998664179656771011650562286376953125
99.999999999912432713244925253093242645263671875
99.9999999999550794882452464662492275238037109375
99.99999999995685584508464671671390533447265625
99.99999999996015276337857358157634735107421875
99.9999999999667608108211425133049488067626953125
99.9999999999713082843300071544945240020751953125
99.999999999977120523908524774014949798583984375
99.9999999999810142981004901230335235595703125
99.9999999999814832563060917891561985015869140625
99.9999999999897823954597697593271732330322265625
99.9999999999925393012745189480483531951904296875
99.999999999993434585121576674282550811767578125
99.999999999994315658113919198513031005859375
99.9999999999951540985421161167323589324951171875
99.9999999999955662133288569748401641845703125
99.9999999999964614971759147010743618011474609375
99.999999999997186250766390003263950347900390625
99.9999999999983373299983213655650615692138671875
99.99999999999891997504164464771747589111328125
99.9999999999994457766661071218550205230712890625
99.999999999999573674358543939888477325439453125
99.9999999999996447286321199499070644378662109375
99.9999999999997299937604111619293689727783203125
99.9999999999998152588887023739516735076904296875
99.99999999999982946974341757595539093017578125
99.999999999999857891452847979962825775146484375
99.9999999999998721023075631819665431976318359375
99.9999999999998863131622783839702606201171875
99.999999999999914734871708787977695465087890625
99.999999999999914734871708787977695465087890625
99.99999999999994315658113919198513031005859375
99.9999999999999573674358543939888477325439453125
99.999999999999971578290569595992565155029296875
99.9999999999999857891452847979962825775146484375
99.9999999999999857891452847979962825775146484375
99.9999999999999857891452847979962825775146484375
99.9999999999999857891452847979962825775146484375
99.9999999999999857891452847979962825775146484375
99.9999999999999857891452847979962825775146484375
99.9999999999999857891452847979962825775146484375
99.9999999999999857891452847979962825775146484375
99.9999999999999857891452847979962825775146484375
99.9999999999999857891452847979962825775146484375
99.9999999999999857891452847979962825775146484375
99.9999999999999857891452847979962825775146484375
99.9999999999999857891452847979962825775146484375
99.9999999999999857891452847979962825775146484375
99.9999999999999857891452847979962825775146484375
99.9999999999999857891452847979962825775146484375
99.9999999999999857891452847979962825775146484375
99.9999999999999857891452847979962825775146484375
99.9999999999999857891452847979962825775146484375
99.9999999999999857891452847979962825775146484375
99.9999999999999857891452847979962825775146484375
99.9999999999999857891452847979962825775146484375
99.9999999999999857891452847979962825775146484375
99.9999999999999857891452847979962825775146484375
99.9999999999999857891452847979962825775146484375
99.9999999999999857891452847979962825775146484375
99.9999999999999857891452847979962825775146484375
99.9999999999999857891452847979962825775146484375
99.9999999999999857891452847979962825775146484375
99.9999999999999857891452847979962825775146484375
99.9999999999999857891452847979962825775146484375
99.9999999999999857891452847979962825775146484375
99.9999999999999857891452847979962825775146484375
99.9999999999999857891452847979962825775146484375
99.9999999999999857891452847979962825775146484375
99.9999999999999857891452847979962825775146484375
99.9999999999999857891452847979962825775146484375
99.9999999999999857891452847979962825775146484375
99.9999999999999857891452847979962825775146484375
99.9999999999999857891452847979962825775146484375
99.9999999999999857891452847979962825775146484375
99.9999999999999857891452847979962825775146484375
99.9999999999999857891452847979962825775146484375
99.9999999999999857891452847979962825775146484375
99.9999999999999857891452847979962825775146484375
99.9999999999999857891452847979962825775146484375
99.9999999999999857891452847979962825775146484375
99.9999999999999857891452847979962825775146484375
99.9999999999999857891452847979962825775146484375
99.9999999999999857891452847979962825775146484375
99.9999999999999857891452847979962825775146484375
99.9999999999999857891452847979962825775146484375
99.9999999999999857891452847979962825775146484375
99.9999999999999857891452847979962825775146484375
99.9999999999999857891452847979962825775146484375
99.9999999999999857891452847979962825775146484375
99.9999999999999857891452847979962825775146484375
99.9999999999999857891452847979962825775146484375
99.9999999999999857891452847979962825775146484375
99.9999999999999857891452847979962825775146484375
99.9999999999999857891452847979962825775146484375
99.9999999999999857891452847979962825775146484375
99.9999999999999857891452847979962825775146484375
99.9999999999999857891452847979962825775146484375
99.9999999999999857891452847979962825775146484375
99.9999999999999857891452847979962825775146484375
99.9999999999999857891452847979962825775146484375
99.9999999999999857891452847979962825775146484375
99.9999999999999857891452847979962825775146484375
99.9999999999999857891452847979962825775146484375
99.9999999999999857891452847979962825775146484375
99.9999999999999857891452847979962825775146484375
99.9999999999999857891452847979962825775146484375
99.9999999999999857891452847979962825775146484375
99.9999999999999857891452847979962825775146484375
99.9999999999999857891452847979962825775146484375
99.9999999999999857891452847979962825775146484375
99.9999999999999857891452847979962825775146484375
99.9999999999999857891452847979962825775146484375
99.9999999999999857891452847979962825775146484375
99.9999999999999857891452847979962825775146484375
99.9999999999999857891452847979962825775146484375
99.9999999999999857891452847979962825775146484375
99.9999999999999857891452847979962825775146484375
99.9999999999999857891452847979962825775146484375
99.9999999999999857891452847979962825775146484375
99.9999999999999857891452847979962825775146484375
99.9999999999999857891452847979962825775146484375
99.9999999999999857891452847979962825775146484375
99.9999999999999857891452847979962825775146484375
99.9999999999999857891452847979962825775146484375
99.9999999999999857891452847979962825775146484375
99.9999999999999857891452847979962825775146484375
99.9999999999999857891452847979962825775146484375
99.9999999999999857891452847979962825775146484375
99.9999999999999857891452847979962825775146484375
99.9999999999999857891452847979962825775146484375
99.9999999999999857891452847979962825775146484375
99.9999999999999857891452847979962825775146484375
99.9999999999999857891452847979962825775146484375
99.9999999999999857891452847979962825775146484375
99.9999999999999857891452847979962825775146484375
99.9999999999999857891452847979962825775146484375
99.9999999999999857891452847979962825775146484375
99.9999999999999857891452847979962825775146484375
99.9999999999999857891452847979962825775146484375
99.9999999999999857891452847979962825775146484375
99.9999999999999857891452847979962825775146484375
99.9999999999999857891452847979962825775146484375
99.9999999999999857891452847979962825775146484375
99.9999999999999857891452847979962825775146484375
99.9999999999999857891452847979962825775146484375
99.9999999999999857891452847979962825775146484375
99.9999999999999857891452847979962825775146484375
99.9999999999999857891452847979962825775146484375
99.9999999999999857891452847979962825775146484375
99.9999999999999857891452847979962825775146484375
99.9999999999999857891452847979962825775146484375
99.9999999999999857891452847979962825775146484375
99.9999999999999857891452847979962825775146484375
99.9999999999999857891452847979962825775146484375
99.9999999999999857891452847979962825775146484375
99.9999999999999857891452847979962825775146484375
99.9999999999999857891452847979962825775146484375
99.9999999999999857891452847979962825775146484375
99.9999999999999857891452847979962825775146484375
99.9999999999999857891452847979962825775146484375
99.9999999999999857891452847979962825775146484375
99.9999999999999857891452847979962825775146484375
99.9999999999999857891452847979962825775146484375
99.9999999999999857891452847979962825775146484375
99.9999999999999857891452847979962825775146484375
99.9999999999999857891452847979962825775146484375
99.9999999999999857891452847979962825775146484375
99.9999999999999857891452847979962825775146484375
99.9999999999999857891452847979962825775146484375
99.9999999999999857891452847979962825775146484375
99.9999999999999857891452847979962825775146484375
99.9999999999999857891452847979962825775146484375
99.9999999999999857891452847979962825775146484375
99.9999999999999857891452847979962825775146484375
99.9999999999999857891452847979962825775146484375
99.9999999999999857891452847979962825775146484375
99.9999999999999857891452847979962825775146484375
99.9999999999999857891452847979962825775146484375
99.9999999999999857891452847979962825775146484375
99.9999999999999857891452847979962825775146484375
99.9999999999999857891452847979962825775146484375
99.9999999999999857891452847979962825775146484375
99.9999999999999857891452847979962825775146484375
99.9999999999999857891452847979962825775146484375
99.9999999999999857891452847979962825775146484375
99.9999999999999857891452847979962825775146484375
99.9999999999999857891452847979962825775146484375
99.9999999999999857891452847979962825775146484375
99.9999999999999857891452847979962825775146484375
99.9999999999999857891452847979962825775146484375
99.9999999999999857891452847979962825775146484375
99.9999999999999857891452847979962825775146484375
99.9999999999999857891452847979962825775146484375
99.9999999999999857891452847979962825775146484375
99.9999999999999857891452847979962825775146484375
99.9999999999999857891452847979962825775146484375
99.9999999999999857891452847979962825775146484375
99.9999999999999857891452847979962825775146484375
99.9999999999999857891452847979962825775146484375
99.9999999999999857891452847979962825775146484375
99.9999999999999857891452847979962825775146484375
99.9999999999999857891452847979962825775146484375
99.9999999999999857891452847979962825775146484375
99.9999999999999857891452847979962825775146484375
99.9999999999999857891452847979962825775146484375
99.9999999999999857891452847979962825775146484375
99.9999999999999857891452847979962825775146484375
99.9999999999999857891452847979962825775146484375
99.9999999999999857891452847979962825775146484375
99.9999999999999857891452847979962825775146484375
99.9999999999999857891452847979962825775146484375
99.9999999999999857891452847979962825775146484375
99.9999999999999857891452847979962825775146484375
99.9999999999999857891452847979962825775146484375
99.9999999999999857891452847979962825775146484375
99.9999999999999857891452847979962825775146484375
99.9999999999999857891452847979962825775146484375
99.9999999999999857891452847979962825775146484375
99.9999999999999857891452847979962825775146484375
99.9999999999999857891452847979962825775146484375
99.9999999999999857891452847979962825775146484375
99.9999999999999857891452847979962825775146484375
99.9999999999999857891452847979962825775146484375
99.9999999999999857891452847979962825775146484375
99.9999999999999857891452847979962825775146484375
99.9999999999999857891452847979962825775146484375
99.9999999999999857891452847979962825775146484375
99.9999999999999857891452847979962825775146484375
99.9999999999999857891452847979962825775146484375
99.9999999999999857891452847979962825775146484375
99.9999999999999857891452847979962825775146484375
99.9999999999999857891452847979962825775146484375
99.9999999999999857891452847979962825775146484375
99.9999999999999857891452847979962825775146484375
99.9999999999999857891452847979962825775146484375
99.9999999999999857891452847979962825775146484375
99.9999999999999857891452847979962825775146484375
99.9999999999999857891452847979962825775146484375
99.9999999999999857891452847979962825775146484375
99.9999999999999857891452847979962825775146484375
99.9999999999999857891452847979962825775146484375
99.9999999999999857891452847979962825775146484375
99.9999999999999857891452847979962825775146484375
99.9999999999999857891452847979962825775146484375
99.9999999999999857891452847979962825775146484375
99.9999999999999857891452847979962825775146484375
99.9999999999999857891452847979962825775146484375
99.9999999999999857891452847979962825775146484375
99.9999999999999857891452847979962825775146484375
99.9999999999999857891452847979962825775146484375
99.9999999999999857891452847979962825775146484375
99.9999999999999857891452847979962825775146484375
99.9999999999999857891452847979962825775146484375
99.9999999999999857891452847979962825775146484375
99.9999999999999857891452847979962825775146484375
99.9999999999999857891452847979962825775146484375
99.9999999999999857891452847979962825775146484375
99.9999999999999857891452847979962825775146484375
99.9999999999999857891452847979962825775146484375
99.9999999999999857891452847979962825775146484375
99.9999999999999857891452847979962825775146484375
99.9999999999999857891452847979962825775146484375
99.9999999999999857891452847979962825775146484375
99.9999999999999857891452847979962825775146484375
99.9999999999999857891452847979962825775146484375
99.9999999999999857891452847979962825775146484375
99.9999999999999857891452847979962825775146484375
99.9999999999999857891452847979962825775146484375
99.9999999999999857891452847979962825775146484375
99.9999999999999857891452847979962825775146484375
99.9999999999999857891452847979962825775146484375
99.9999999999999857891452847979962825775146484375
99.9999999999999857891452847979962825775146484375
99.9999999999999857891452847979962825775146484375
99.9999999999999857891452847979962825775146484375
99.9999999999999857891452847979962825775146484375
99.9999999999999857891452847979962825775146484375
99.9999999999999857891452847979962825775146484375
99.9999999999999857891452847979962825775146484375
99.9999999999999857891452847979962825775146484375
99.9999999999999857891452847979962825775146484375
99.9999999999999857891452847979962825775146484375
99.9999999999999857891452847979962825775146484375
99.9999999999999857891452847979962825775146484375
99.9999999999999857891452847979962825775146484375
99.9999999999999857891452847979962825775146484375
99.9999999999999857891452847979962825775146484375
99.9999999999999857891452847979962825775146484375
99.9999999999999857891452847979962825775146484375
99.9999999999999857891452847979962825775146484375
99.9999999999999857891452847979962825775146484375
99.9999999999999857891452847979962825775146484375
99.9999999999999857891452847979962825775146484375
99.9999999999999857891452847979962825775146484375
99.9999999999999857891452847979962825775146484375
99.9999999999999857891452847979962825775146484375
99.9999999999999857891452847979962825775146484375
99.9999999999999857891452847979962825775146484375
99.9999999999999857891452847979962825775146484375
99.9999999999999857891452847979962825775146484375
99.9999999999999857891452847979962825775146484375
99.9999999999999857891452847979962825775146484375
99.9999999999999857891452847979962825775146484375
99.9999999999999857891452847979962825775146484375
99.9999999999999857891452847979962825775146484375
99.9999999999999857891452847979962825775146484375
99.9999999999999857891452847979962825775146484375
99.9999999999999857891452847979962825775146484375
99.9999999999999857891452847979962825775146484375
99.9999999999999857891452847979962825775146484375
99.9999999999999857891452847979962825775146484375
99.9999999999999857891452847979962825775146484375
99.9999999999999857891452847979962825775146484375
99.9999999999999857891452847979962825775146484375
99.9999999999999857891452847979962825775146484375
99.9999999999999857891452847979962825775146484375
99.9999999999999857891452847979962825775146484375
99.9999999999999857891452847979962825775146484375
99.9999999999999857891452847979962825775146484375
99.9999999999999857891452847979962825775146484375
99.9999999999999857891452847979962825775146484375
99.9999999999999857891452847979962825775146484375
99.9999999999999857891452847979962825775146484375
99.9999999999999857891452847979962825775146484375
99.9999999999999857891452847979962825775146484375
99.9999999999999857891452847979962825775146484375
99.9999999999999857891452847979962825775146484375
99.9999999999999857891452847979962825775146484375
99.9999999999999857891452847979962825775146484375
99.9999999999999857891452847979962825775146484375
99.9999999999999857891452847979962825775146484375
99.9999999999999857891452847979962825775146484375
99.9999999999999857891452847979962825775146484375
99.9999999999999857891452847979962825775146484375
99.9999999999999857891452847979962825775146484375
99.9999999999999857891452847979962825775146484375
99.9999999999999857891452847979962825775146484375
99.9999999999999857891452847979962825775146484375
99.9999999999999857891452847979962825775146484375
99.9999999999999857891452847979962825775146484375
99.9999999999999857891452847979962825775146484375
99.9999999999999857891452847979962825775146484375
99.9999999999999857891452847979962825775146484375
99.9999999999999857891452847979962825775146484375
99.9999999999999857891452847979962825775146484375
99.9999999999999857891452847979962825775146484375
99.9999999999999857891452847979962825775146484375
99.9999999999999857891452847979962825775146484375
99.9999999999999857891452847979962825775146484375
99.9999999999999857891452847979962825775146484375
99.9999999999999857891452847979962825775146484375
99.9999999999999857891452847979962825775146484375
99.9999999999999857891452847979962825775146484375
99.9999999999999857891452847979962825775146484375
99.9999999999999857891452847979962825775146484375
99.9999999999999857891452847979962825775146484375
99.9999999999999857891452847979962825775146484375
99.9999999999999857891452847979962825775146484375
99.9999999999999857891452847979962825775146484375
99.9999999999999857891452847979962825775146484375
99.9999999999999857891452847979962825775146484375
99.9999999999999857891452847979962825775146484375
99.9999999999999857891452847979962825775146484375
99.9999999999999857891452847979962825775146484375
99.9999999999999857891452847979962825775146484375
99.9999999999999857891452847979962825775146484375
99.9999999999999857891452847979962825775146484375
99.9999999999999857891452847979962825775146484375
99.9999999999999857891452847979962825775146484375
99.9999999999999857891452847979962825775146484375
99.9999999999999857891452847979962825775146484375
99.9999999999999857891452847979962825775146484375
99.9999999999999857891452847979962825775146484375
99.9999999999999857891452847979962825775146484375
99.9999999999999857891452847979962825775146484375
99.9999999999999857891452847979962825775146484375
99.9999999999999857891452847979962825775146484375
99.9999999999999857891452847979962825775146484375
99.9999999999999857891452847979962825775146484375
99.9999999999999857891452847979962825775146484375
99.9999999999999857891452847979962825775146484375
99.9999999999999857891452847979962825775146484375
99.9999999999999857891452847979962825775146484375
99.9999999999999857891452847979962825775146484375
99.9999999999999857891452847979962825775146484375
99.9999999999999857891452847979962825775146484375
99.9999999999999857891452847979962825775146484375
99.9999999999999857891452847979962825775146484375
99.9999999999999857891452847979962825775146484375
99.9999999999999857891452847979962825775146484375
99.9999999999999857891452847979962825775146484375
99.9999999999999857891452847979962825775146484375
99.9999999999999857891452847979962825775146484375
99.9999999999999857891452847979962825775146484375
99.9999999999999857891452847979962825775146484375
99.9999999999999857891452847979962825775146484375
99.9999999999999857891452847979962825775146484375
99.9999999999999857891452847979962825775146484375
99.9999999999999857891452847979962825775146484375
99.9999999999999857891452847979962825775146484375
99.9999999999999857891452847979962825775146484375
99.9999999999999857891452847979962825775146484375
99.9999999999999857891452847979962825775146484375
99.9999999999999857891452847979962825775146484375
99.9999999999999857891452847979962825775146484375
99.9999999999999857891452847979962825775146484375
99.9999999999999857891452847979962825775146484375
99.9999999999999857891452847979962825775146484375
99.9999999999999857891452847979962825775146484375
99.9999999999999857891452847979962825775146484375
99.9999999999999857891452847979962825775146484375
99.9999999999999857891452847979962825775146484375
99.9999999999999857891452847979962825775146484375
99.9999999999999857891452847979962825775146484375
99.9999999999999857891452847979962825775146484375
99.9999999999999857891452847979962825775146484375
99.9999999999999857891452847979962825775146484375
99.9999999999999857891452847979962825775146484375
99.9999999999999857891452847979962825775146484375
99.9999999999999857891452847979962825775146484375
99.9999999999999857891452847979962825775146484375
99.9999999999999857891452847979962825775146484375
99.9999999999999857891452847979962825775146484375
99.9999999999999857891452847979962825775146484375
99.9999999999999857891452847979962825775146484375
99.9999999999999857891452847979962825775146484375
99.9999999999999857891452847979962825775146484375
99.9999999999999857891452847979962825775146484375
99.9999999999999857891452847979962825775146484375
99.9999999999999857891452847979962825775146484375
99.9999999999999857891452847979962825775146484375
99.9999999999999857891452847979962825775146484375
99.9999999999999857891452847979962825775146484375
99.9999999999999857891452847979962825775146484375
99.9999999999999857891452847979962825775146484375
99.9999999999999857891452847979962825775146484375
99.9999999999999857891452847979962825775146484375
99.9999999999999857891452847979962825775146484375
99.9999999999999857891452847979962825775146484375
99.9999999999999857891452847979962825775146484375
99.9999999999999857891452847979962825775146484375
99.9999999999999857891452847979962825775146484375
99.9999999999999857891452847979962825775146484375
99.9999999999999857891452847979962825775146484375
99.9999999999999857891452847979962825775146484375
99.9999999999999857891452847979962825775146484375
99.9999999999999857891452847979962825775146484375
99.9999999999999857891452847979962825775146484375
99.9999999999999857891452847979962825775146484375
99.9999999999999857891452847979962825775146484375
99.9999999999999857891452847979962825775146484375
99.9999999999999857891452847979962825775146484375
99.9999999999999857891452847979962825775146484375
99.9999999999999857891452847979962825775146484375
99.9999999999999857891452847979962825775146484375
99.9999999999999857891452847979962825775146484375
99.9999999999999857891452847979962825775146484375
99.9999999999999857891452847979962825775146484375
99.9999999999999857891452847979962825775146484375
99.9999999999999857891452847979962825775146484375
99.9999999999999857891452847979962825775146484375
99.9999999999999857891452847979962825775146484375
99.9999999999999857891452847979962825775146484375
100
