60.32000000000000028421709430404007434844970703125
78.1601280000000002701199264265596866607666015625
90.6001190911999998434112058021128177642822265625
94.352551549992966783975134603679180145263671875
98.617504619438278723464463837444782257080078125
99.6438691899673045782037661410868167877197265625
99.8732174316283618509260122664272785186767578125
99.9551696838237830888829194009304046630859375
99.9856184345706680005605448968708515167236328125
99.99279771203299560511368326842784881591796875
99.9951197296735614372664713300764560699462890625
99.9981611141409985066275112330913543701171875
99.9986642333120272496671532280743122100830078125
99.9996420145276232460673782043159008026123046875
99.999692705270518899851595051586627960205078125
99.9998217690569077831241884268820285797119140625
99.99988921164577959643793292343616485595703125
99.999932197527215294030611403286457061767578125
99.9999778150309026614195317961275577545166015625
99.9999887832796190423323423601686954498291015625
99.9999920854821056082073482684791088104248046875
99.9999961567101109949362580664455890655517578125
99.999997813936715829186141490936279296875
99.99999801330568516277708113193511962890625
99.9999987936792109621819690801203250885009765625
99.9999991420646523465620703063905239105224609375
99.999999444744247512062429450452327728271484375
99.999999547799717447560396976768970489501953125
99.9999997138476572899890015833079814910888671875
99.9999999004189845663859159685671329498291015625
99.99999991220937545222113840281963348388671875
99.999999978087458885056548751890659332275390625
99.99999998473134610321721993386745452880859375
99.999999990753309475621790625154972076416015625
99.9999999953470677382938447408378124237060546875
99.9999999971040125501531292684376239776611328125
99.999999999411528506243485026061534881591796875
99.9999999995188630919074057601392269134521484375
99.999999999668972350264084525406360626220703125
99.99999999980667553245439194142818450927734375
99.9999999999556195007244241423904895782470703125
99.999999999975187847667257301509380340576171875
99.999999999988887111612712033092975616455078125
99.999999999990023979989928193390369415283203125
99.9999999999976125764078460633754730224609375
99.9999999999979394260662957094609737396240234375
99.9999999999988773424774990417063236236572265625
99.999999999999516830939683131873607635498046875
99.99999999999982946974341757595539093017578125
99.999999999999857891452847979962825775146484375
99.99999999999994315658113919198513031005859375
99.999999999999971578290569595992565155029296875
100
