30
73.623999999999995225152815692126750946044921875
93.1422400000000010322764865122735500335693359375
97.5586374399999982642839313484728336334228515625
99.4160260756480056443251669406890869140625
99.53422239793684411779395304620265960693359375
99.64600902243199698204989545047283172607421875
99.8235708967801116386908688582479953765869140625
99.9343683736021972663365886546671390533447265625
99.948544804904116745092323981225490570068359375
99.9764952668802067137221456505358219146728515625
99.9898835628652449258879642002284526824951171875
99.9918097324956960392228211276233196258544921875
99.996481461080151120768277905881404876708984375
99.9980887296587326318331179209053516387939453125
99.999359342181605825317092239856719970703125
99.99973194876878324066638015210628509521484375
99.9999030726747974995305412448942661285400390625
99.999960065942019582507782615721225738525390625
99.9999612799373807092706556431949138641357421875
99.999980856801045092652202583849430084228515625
99.999994195782079486889415420591831207275390625
99.9999978919080518835471593774855136871337890625
99.9999981280143543926897109486162662506103515625
99.99999942941877861812827177345752716064453125
99.9999998402372511918656527996063232421875
99.99999986464899848215281963348388671875
99.9999999024390007207330199889838695526123046875
99.999999973853647361465846188366413116455078125
99.999999973874565739606623537838459014892578125
99.9999999816077007608328131027519702911376953125
99.999999990730287890983163379132747650146484375
99.99999999761212166049517691135406494140625
99.999999998143181301202275790274143218994140625
99.9999999996033892557534272782504558563232421875
99.9999999997582307287302683107554912567138671875
99.9999999998009769797135959379374980926513671875
99.9999999998785114030397380702197551727294921875
99.9999999999079562940096366219222545623779296875
99.999999999918117055131006054580211639404296875
99.999999999939205963528365828096866607666015625
99.99999999995890220816363580524921417236328125
99.99999999997083932612440548837184906005859375
99.9999999999814264128872309811413288116455078125
99.9999999999917008608463220298290252685546875
99.9999999999949267248666728846728801727294921875
99.999999999997129407347529195249080657958984375
99.99999999999903366187936626374721527099609375
99.9999999999991899812812334857881069183349609375
99.9999999999994457766661071218550205230712890625
99.9999999999998863131622783839702606201171875
99.9999999999999573674358543939888477325439453125
99.9999999999999857891452847979962825775146484375
99.9999999999999857891452847979962825775146484375
100
