319.852935791015625
276.368885040283203125
-1531.412242889404296875
125.535266876220703125
70.9181671142578125
169.6611328125
113.448093414306640625
-1872.387111663818359375
-1595.740596771240234375
-219.709712982177734375
-19.828990936279296875
99.999996185302734375
99.999996567318220286324503831565380096435546875
100.000000039957029684956069104373455047607421875
100.0000000320179651680518873035907745361328125
99.999999775410202573766582645475864410400390625
100.0000001712973016765317879617214202880859375
99.9999999891552846520426101051270961761474609375
99.9999999899946629966507316567003726959228515625
99.999999993554155253150383941829204559326171875
99.9999999986935250717579037882387638092041015625
100.0000000001161737372967763803899288177490234375
99.9999999999860023081055260263383388519287109375
100.00000000000756017470848746597766876220703125
100.000000000007247535904753021895885467529296875
99.999999999996276756064617075026035308837890625
100.00000000000233058017329312860965728759765625
99.9999999999998436805981327779591083526611328125
100.0000000000012079226507921703159809112548828125
99.9999999999900666125540737994015216827392578125
99.999999999999232613845379091799259185791015625
100.000000000000085265128291212022304534912109375
100.0000000000000710542735760100185871124267578125
100
